1.132437030725579774e+00 0.000000000000000000e+00
1.432390226391555554e+00 0.000000000000000000e+00
1.811793243238832840e+00 0.000000000000000000e+00
2.291690278085271260e+00 0.000000000000000000e+00
2.898699589629854856e+00 0.000000000000000000e+00
3.666489922861924100e+00 0.000000000000000000e+00
4.637648000000110571e+00 0.000000000000000000e+00
5.866040661340987228e+00 0.000000000000000000e+00
7.419802675948020010e+00 0.000000000000000000e+00
9.385115945892554379e+00 0.000000000000000000e+00
1.187098972367115657e+01 0.000000000000000000e+00
1.501530698522491392e+01 0.000000000000000000e+00
1.800000000000000000e+01 1.919107323943835403e-02
2.545584412271571040e+01 1.869931506592224096e-02
3.038617786850206670e+01 0.000000000000000000e+00
3.842812776856926149e+01 1.441043334575971106e-02
5.276467529817257684e+01 1.557593536537145787e-02
6.091046042069132227e+01 1.422264731184963438e-02
7.596865065697967623e+01 1.294021187562765032e-02
9.893912366730087626e+01 1.291337560194483376e-02
1.252352089181227797e+02 1.188955561374178092e-02
1.564450793980747960e+02 1.099901364818407258e-02
1.993144890605799446e+02 1.015709327277938140e-02
2.532941534310852205e+02 8.797255788843305266e-03
3.198607727004433627e+02 7.731669777381987817e-03
4.044674557195216948e+02 6.662259579156375004e-03
5.121243759086506770e+02 5.818442951036449304e-03
6.472783809130035024e+02 5.081016569611198318e-03
8.184038037178030436e+02 4.313437144488241511e-03
1.035430372942237227e+03 3.642170258144839835e-03
1.309330646617347156e+03 3.081207105354871398e-03
1.656598604726545773e+03 2.588257883044702088e-03
2.096439155369699620e+03 2.138032894526176002e-03
2.652038705155116986e+03 1.750499599754596442e-03
3.354640050094972139e+03 1.410909101801455408e-03
4.242919934478367395e+03 1.121827867986903426e-03
5.366649105404297188e+03 8.828831565358285670e-04
6.787939201860969661e+03 6.938521491812138335e-04
8.585700211666608084e+03 5.569548174779398540e-04
1.066470604703937533e+04 4.804018843544107030e-04
1.310624587243275528e+04 4.254884649067822502e-04
